1.bmp 0 214 212 38 197 0 185 326 57 179
10.bmp 0 218 199 88 257
100.bmp 0 72 58 88 44 0 221 53 71 38 0 294 29 84 48 0 295 101 45 101 0 329 120 27 109 0 362 274 23 107 0 281 224 80 50 0 296 304 23 109 0 273 357 29 93 0 197 150 48 116 0 233 86 75 50 0 251 154 82 41 0 93 143 32 111 0 153 191 61 84 0 157 242 63 81 0 65 307 78 37 0 79 340 78 36
101.bmp 0 79 84 88 50 0 135 100 57 84 0 283 60 87 64 0 190 117 74 44 0 240 119 22 110 0 312 116 83 48 0 289 189 70 38 0 341 259 70 61 0 239 278 83 38 0 236 324 62 77 0 298 315 77 33 0 257 387 61 48 0 144 160 31 97 0 187 186 85 43 0 106 236 69 65 0 154 230 81 59 0 86 293 50 77
102.bmp 0 47 83 45 116 0 108 50 36 105 0 148 144 29 108 0 194 140 68 63 0 257 97 58 85 0 289 81 45 118 0 381 133 59 86 0 287 209 71 42 0 276 275 80 32 0 309 327 78 38 0 252 394 68 41 0 54 237 52 87 0 167 258 84 41 0 181 287 82 35 0 66 319 56 72 0 124 333 78 60 0 196 338 76 49
103.bmp 0 47 85 36 124 0 106 58 37 107 0 151 151 31 111 0 193 135 78 41 0 261 102 35 112 0 289 84 48 116 0 386 137 57 84 0 290 212 71 41 0 60 248 59 84 0 169 259 81 43 0 280 279 79 31 0 311 328 77 42 0 258 394 66 42 0 201 344 77 51 0 131 339 79 65 0 68 326 55 76
104.bmp 0 69 101 39 124 0 134 73 35 107 0 178 161 33 108 0 218 143 75 48 0 282 110 48 99 0 311 85 51 112 0 395 130 38 66 0 315 212 69 40 0 195 267 80 49 0 90 262 68 69 0 96 342 56 76 0 161 347 77 65 0 224 305 71 72 0 237 349 65 52 0 306 281 78 30 0 338 326 76 42 0 291 395 68 39
105.bmp 0 49 87 37 125 0 118 61 33 110 0 152 145 34 110 0 190 125 76 45 0 259 87 49 97 0 285 67 49 116 0 382 119 66 53 0 289 194 67 42 0 280 263 81 32 0 304 297 78 35 0 168 251 79 51 0 198 285 78 46 0 209 333 78 46 0 249 383 62 49 0 138 333 74 64 0 67 249 68 69 0 72 327 60 72
106.bmp 0 54 83 41 123 0 139 75 45 97 0 191 128 68 67 0 265 116 40 111 0 292 86 43 119 0 381 138 66 42 0 288 218 59 62 0 147 153 24 108 0 72 253 75 46 0 165 259 77 55 0 273 281 80 33 0 289 310 79 33 0 203 346 75 52 0 232 394 61 42 0 189 283 65 85 0 128 337 71 78 0 54 322 71 49
107.bmp 0 48 71 38 125 0 133 70 49 96 0 249 90 67 72 0 283 66 52 110 0 380 149 40 108 0 280 216 68 46 0 264 278 79 33 0 279 310 79 33 0 139 148 23 112 0 185 123 65 68 0 154 253 75 56 0 179 279 54 94 0 62 244 76 47 0 45 312 72 48 0 118 328 69 78 0 194 342 72 52 0 220 393 62 44
108.bmp 0 186 78 84 42 0 295 103 85 46 0 332 215 40 107 0 321 293 28 101 0 291 253 45 113 0 244 153 75 65 0 227 180 70 70 0 116 135 90 50 0 168 179 38 111 0 186 223 74 39 0 135 176 68 74 0 117 268 80 36 0 213 316 66 66 0 248 278 37 114 0 264 355 30 98 0 122 341 25 116 0 79 327 60 58
109.bmp 0 203 95 83 44 0 310 124 85 50 0 346 238 37 102 0 332 319 29 96 0 260 173 72 63 0 132 150 90 47 0 149 190 65 78 0 186 192 45 99 0 243 200 69 74 0 198 242 79 38 0 263 290 31 111 0 303 270 48 109 0 277 373 31 81 0 224 336 65 71 0 130 283 82 43 0 91 342 67 55 0 135 360 23 112
11.bmp 0 192 236 75 225
110.bmp 0 174 55 82 45 0 285 87 87 38 0 336 197 58 96 0 306 273 29 96 0 241 133 78 52 0 278 229 50 115 0 108 114 84 56 0 131 165 43 100 0 168 155 52 96 0 220 161 73 66 0 174 204 74 46 0 231 242 38 107 0 199 295 59 80 0 253 336 32 90 0 114 251 81 39 0 127 325 29 115 0 70 312 71 45
111.bmp 0 195 73 84 44 0 314 93 80 65 0 346 190 32 108 0 370 281 78 53 0 314 209 24 109 0 232 148 34 101 0 237 202 78 30 0 195 241 37 104 0 128 129 87 55 0 150 182 46 101 0 127 263 81 35 0 167 289 64 46 0 262 299 75 46 0 252 336 91 39 0 236 382 69 41 0 141 337 58 92 0 80 326 69 46
112.bmp 0 294 41 43 87 0 351 210 64 83 0 366 287 76 59 0 225 55 74 67 0 174 67 30 111 0 115 118 49 111 0 143 166 21 114 0 290 153 56 84 0 225 169 78 37 0 213 216 61 55 0 125 247 78 48 0 216 274 61 83 0 148 319 77 41 0 79 328 73 40 0 251 294 72 74 0 299 306 88 45
113.bmp 0 208 35 45 71 0 250 41 28 78 0 351 187 78 47 0 321 244 70 66 0 370 279 60 89 0 262 326 91 35 0 236 389 28 56 0 195 105 78 41 0 248 113 72 67 0 146 120 81 30 0 73 148 31 112 0 114 184 56 66 0 199 186 46 101 0 269 186 71 46 0 153 252 81 33 0 140 317 76 56 0 77 328 71 41
114.bmp 0 208 33 42 69 0 297 58 48 98 0 333 116 29 118 0 364 222 58 85 0 312 290 90 54 0 277 186 47 93 0 278 95 50 99 0 314 156 36 89 0 224 147 51 89 0 149 121 75 34 0 73 146 33 108 0 112 185 57 67 0 163 252 83 34 0 139 316 73 50 0 77 328 74 39 0 235 386 30 52
115.bmp 0 213 33 47 64 0 285 98 39 113 0 340 203 38 110 0 270 220 79 33 0 312 256 78 43 0 251 297 75 69 0 248 333 86 64 0 242 137 32 108 0 196 153 38 104 0 216 199 34 112 0 192 235 68 72 0 190 261 70 62 0 71 139 31 113 0 144 126 79 33 0 112 174 55 66 0 76 288 72 44
116.bmp 0 204 31 46 63 0 374 98 33 124 0 340 201 32 113 0 317 271 35 105 0 283 204 26 108 0 246 188 31 109 0 195 130 25 114 0 171 160 26 111 0 130 94 76 42 0 66 149 30 113 0 101 173 30 90 0 129 188 25 132 0 201 265 65 64 0 239 290 58 81 0 264 360 30 89 0 73 292 61 56 0 106 321 62 75
117.bmp 0 162 52 79 32 0 192 110 60 99 0 259 188 46 107 0 316 230 29 120 0 353 219 27 113 0 208 183 58 70 0 270 258 41 87 0 286 338 34 108 0 226 293 81 38 0 190 311 69 41 0 228 348 43 85 0 121 338 81 50 0 120 170 49 118 0 135 196 55 82 0 139 175 40 79 0 68 193 30 94 0 26 272 31 113
118.bmp 0 167 47 77 35 0 197 107 64 96 0 266 181 47 110 0 322 218 28 119 0 361 203 29 110 0 280 250 46 95 0 296 323 55 89 0 236 285 79 36 0 202 306 74 39 0 243 344 51 73 0 133 335 79 50 0 128 170 46 123 0 143 184 53 102 0 145 171 39 74 0 216 176 62 70 0 76 190 27 90 0 38 273 27 116
119.bmp 0 364 187 28 116 0 324 204 26 122 0 166 37 78 35 0 197 94 64 92 0 217 165 60 71 0 268 167 47 110 0 282 239 51 90 0 239 271 79 38 0 204 295 76 33 0 246 330 52 77 0 298 310 54 93 0 137 325 80 55 0 128 160 49 120 0 145 162 39 75 0 145 184 48 87 0 76 183 29 89 0 40 264 27 113
12.bmp 0 207 226 73 215
17.bmp 0 209 221 89 211
18.bmp 0 210 225 49 242
19.bmp 0 197 220 61 181
2.bmp 0 213 212 40 189 0 185 326 57 177
20.bmp 0 202 234 35 215
21.bmp 0 199 218 47 208
22.bmp 0 155 172 90 204 0 206 301 50 227
23.bmp 0 178 131 85 195 0 159 274 48 218
24.bmp 0 200 109 57 214 0 174 300 51 217
25.bmp 0 200 218 48 257
26.bmp 0 193 211 46 232
27.bmp 0 199 213 50 240
28.bmp 0 218 217 77 214
29.bmp 0 211 211 73 211
3.bmp 0 193 226 87 160 0 185 309 69 162
30.bmp 0 192 228 55 241
31.bmp 0 195 211 91 222
32.bmp 0 201 196 111 198 0 187 296 67 213
33.bmp 0 215 194 127 134 0 226 87 64 175
34.bmp 0 203 181 103 205 0 198 263 71 210
35.bmp 0 202 143 68 227
36.bmp 0 203 186 67 219
37.bmp 0 65 84 93 49 0 153 123 36 150 0 42 327 80 121 0 125 336 93 58 0 206 266 97 58 0 224 350 39 128 0 213 55 68 111 0 386 187 60 123 0 345 208 48 125 0 304 164 46 132 0 226 182 91 73 0 256 177 86 67 0 277 266 31 130
38.bmp 0 61 60 90 48 0 105 132 50 147 0 179 76 49 138 0 344 156 98 50 0 283 196 54 140 0 193 158 76 101 0 227 153 68 99 0 134 168 52 125 0 98 371 88 72 0 215 322 89 58 0 238 384 84 61 0 168 273 58 125 0 229 224 68 104
39.bmp 0 68 36 53 72 0 196 48 107 69 0 340 67 58 133 0 236 105 95 56 0 171 150 65 116 0 145 175 50 119 0 111 193 71 104 0 100 242 64 102 0 278 176 77 101 0 348 318 77 98 0 252 263 98 59 0 222 314 37 127 0 129 354 51 122
4.bmp 0 193 281 39 195
40.bmp 0 93 53 62 106 0 126 118 33 135 0 61 212 43 162 0 139 278 69 92 0 117 323 110 50 0 178 195 92 60 0 194 93 28 138 0 222 244 59 106 0 361 333 108 60 0 289 394 101 41 0 207 339 82 87 0 242 43 72 89 0 252 49 85 78 0 274 87 90 69 0 304 100 75 94 0 319 175 75 119 0 357 186 53 149 0 280 286 54 116
41.bmp 0 111 52 33 104 0 51 130 39 157 0 166 114 93 58 0 208 166 61 105 0 125 195 67 94 0 104 241 110 51 0 192 259 81 91 0 275 323 101 50 0 265 210 60 111 0 346 262 107 63 0 344 113 53 143 0 307 98 76 112 0 297 37 80 75 0 182 39 26 80 0 259 23 78 50
42.bmp 0 76 104 69 133 0 101 186 32 135 0 40 275 41 161 0 156 262 92 62 0 174 161 31 138 0 223 106 72 84 0 234 122 89 69 0 256 160 95 67 0 286 176 80 87 0 292 243 67 119 0 334 261 52 146 0 336 396 104 41 0 257 356 59 111 0 200 312 61 107 0 116 341 67 93 0 93 388 108 55 0 184 387 78 55
43.bmp 0 84 37 73 76 0 153 31 85 59 0 190 95 43 133 0 263 116 107 99 0 328 150 25 135 0 394 163 42 69 0 362 250 65 112 0 265 249 93 101 0 207 216 43 124 0 148 129 87 108 0 92 227 73 112 0 73 315 74 130 0 90 306 66 92 0 139 319 32 132 0 166 328 32 134 0 330 374 110 55
44.bmp 0 134 31 111 48 0 72 97 78 84 0 142 86 83 65 0 199 250 76 128 0 129 259 57 121 0 90 272 40 139 0 74 322 53 107 0 35 361 52 110 0 237 350 106 61 0 236 403 74 27 0 238 163 71 112 0 327 201 33 159 0 356 214 32 128 0 392 189 44 68 0 347 309 36 133 0 347 391 90 46 0 122 349 33 131
45.bmp 0 202 36 74 62 0 269 196 81 53 0 332 170 61 60 0 113 170 37 125 0 184 236 75 55 0 270 334 59 87 0 318 355 46 99
46.bmp 0 196 48 65 78 0 111 197 90 55 0 233 187 81 50 0 299 172 60 92 0 252 264 50 76 0 250 322 67 68 0 319 350 52 95
47.bmp 0 255 99 46 101 0 280 253 43 110 0 229 245 52 73 0 160 249 43 106 0 103 173 57 104 0 97 324 48 103 0 236 367 45 99
48.bmp 0 254 98 45 104 0 334 104 78 48 0 105 174 57 105 0 160 245 44 104 0 251 199 82 41 0 228 251 55 73 0 269 254 75 72 0 330 266 78 41 0 187 317 85 33 0 220 371 30 84 0 164 368 61 96 0 97 324 48 103
49.bmp 0 253 97 45 101 0 335 101 75 43 0 329 265 79 46 0 245 173 79 60 0 161 248 45 104 0 188 316 87 33 0 165 365 59 92 0 222 373 27 87 0 96 326 46 103 0 103 175 56 107
5.bmp 0 215 299 111 198
50.bmp 0 200 86 29 123 0 255 94 47 101 0 335 97 74 43 0 247 170 74 53 0 106 175 57 105 0 164 233 56 89 0 210 204 67 39 0 333 261 78 42 0 250 266 83 42 0 271 309 77 80 0 301 327 42 96 0 101 328 50 101
51.bmp 0 200 84 29 125 0 255 94 48 102 0 335 98 75 50 0 247 171 77 56 0 332 260 77 40 0 249 266 84 43 0 107 176 55 106 0 164 232 56 87 0 210 204 69 41 0 273 307 78 82 0 301 325 42 98 0 102 325 52 102
52.bmp 0 276 46 35 92 0 312 148 48 95 0 346 146 29 102 0 347 260 72 56 0 232 122 83 46 0 152 172 45 111 0 216 195 34 89 0 192 223 42 106 0 231 245 58 92 0 278 248 74 79 0 286 285 72 41 0 34 333 40 113
53.bmp 0 287 57 32 113 0 330 176 47 106 0 362 174 29 113 0 367 289 75 60 0 247 144 84 46 0 168 197 42 119 0 210 251 43 115 0 236 224 38 94 0 300 278 70 90 0 305 314 76 44 0 251 276 57 96 0 56 362 38 108
54.bmp 0 299 79 36 110 0 338 190 48 100 0 369 187 31 101 0 371 299 72 55 0 303 288 76 82 0 307 321 75 41 0 255 163 84 46 0 242 237 33 87 0 255 286 58 88 0 218 264 38 105 0 177 215 44 116 0 57 367 39 94
55.bmp 0 297 73 33 107 0 252 157 84 44 0 333 183 48 96 0 366 181 30 102 0 368 293 74 53 0 301 282 74 79 0 305 318 76 43 0 239 234 34 88 0 253 283 59 92 0 214 259 39 106 0 173 209 44 114 0 55 366 36 96
56.bmp 0 296 73 34 111 0 333 181 48 96 0 367 180 30 104 0 253 158 83 44 0 173 210 45 111 0 214 259 39 110 0 238 234 36 89 0 251 283 59 90 0 301 285 75 84 0 369 293 74 53 0 306 316 74 41 0 55 366 36 97
57.bmp 0 294 70 34 105 0 329 175 50 93 0 362 175 34 100 0 249 152 84 46 0 167 202 47 105 0 208 247 40 102 0 233 225 32 87 0 245 269 61 82 0 294 271 78 77 0 361 282 71 51 0 297 303 77 39 0 47 350 34 104
58.bmp 0 288 53 34 106 0 242 135 83 43 0 323 162 48 96 0 357 161 31 105 0 358 275 74 55 0 290 262 77 81 0 293 296 75 41 0 164 187 45 113 0 202 231 43 118 0 228 209 32 90 0 241 259 59 90 0 43 343 37 105
59.bmp 0 288 53 35 109 0 322 161 52 94 0 356 160 32 102 0 243 135 84 43 0 164 187 43 113 0 204 237 41 111 0 229 212 34 90 0 241 260 60 89 0 289 262 76 79 0 357 274 73 57 0 294 297 77 41 0 43 344 38 106
6.bmp 0 212 299 73 223
60.bmp 0 288 52 36 108 0 242 135 85 43 0 161 185 48 113 0 201 235 40 106 0 228 210 33 90 0 322 162 51 97 0 356 160 32 102 0 288 260 78 75 0 354 272 71 56 0 290 294 74 40 0 239 258 62 90 0 41 338 39 105
61.bmp 0 285 50 35 103 0 318 157 48 92 0 351 159 33 104 0 351 270 71 55 0 285 256 79 77 0 286 292 75 41 0 221 207 33 89 0 238 130 84 41 0 158 181 46 113 0 196 230 38 107 0 234 254 61 92 0 36 336 39 109
62.bmp 0 281 49 34 104 0 315 158 51 99 0 350 157 31 102 0 350 271 73 58 0 281 257 79 81 0 285 291 78 38 0 235 131 84 44 0 154 179 45 109 0 196 229 38 113 0 220 207 31 92 0 234 256 59 93 0 34 336 38 108
63.bmp 0 278 49 36 94 0 314 153 49 97 0 348 157 33 101 0 236 129 85 44 0 155 178 44 110 0 195 230 39 112 0 219 207 32 85 0 233 255 60 89 0 281 257 78 76 0 348 270 72 55 0 285 290 78 43 0 34 336 39 106
64.bmp 0 279 51 37 96 0 314 156 46 94 0 349 155 30 102 0 349 269 74 57 0 281 257 78 77 0 285 290 74 39 0 233 130 84 41 0 153 179 46 115 0 194 228 41 110 0 220 206 33 87 0 232 254 61 87 0 35 336 37 105
65.bmp 0 285 50 34 95 0 312 194 58 73 0 223 153 86 43 0 42 207 41 118 0 144 291 69 42 0 213 328 34 112 0 278 284 74 89 0 345 279 73 41 0 266 333 77 44 0 124 323 80 50 0 39 351 36 105 0 259 211 84 39
66.bmp 0 285 51 36 101 0 314 195 58 79 0 224 156 87 45 0 45 208 41 121 0 147 294 72 46 0 220 333 30 119 0 284 287 70 89 0 350 281 75 39 0 271 338 76 46 0 130 330 81 49 0 46 358 42 110 0 260 210 83 38
67.bmp 0 298 60 33 116 0 334 211 60 76 0 373 297 75 37 0 245 173 83 46 0 281 227 85 38 0 243 352 38 113 0 305 305 71 87 0 292 354 74 49 0 168 315 70 38 0 149 350 79 46 0 67 234 39 122 0 66 373 41 82
68.bmp 0 307 69 36 110 0 246 176 86 42 0 335 212 59 74 0 281 226 84 36 0 369 296 75 38 0 303 302 71 87 0 290 354 74 47 0 242 351 36 111 0 168 316 69 36 0 148 351 78 48 0 68 236 39 118 0 65 373 39 87
69.bmp 0 305 67 34 111 0 329 208 58 73 0 365 290 74 37 0 243 173 84 46 0 276 224 86 36 0 298 296 73 87 0 234 344 38 106 0 283 346 77 43 0 162 309 69 36 0 142 343 78 45 0 62 235 40 116 0 58 371 38 91
7.bmp 0 221 188 74 252 0 205 318 111 192
70.bmp 0 297 60 34 111 0 322 202 59 74 0 235 166 84 42 0 270 220 82 38 0 359 286 74 38 0 292 292 71 85 0 229 341 38 111 0 280 344 74 48 0 157 307 67 39 0 138 342 81 47 0 56 229 42 118 0 54 367 39 95
71.bmp 0 294 57 36 108 0 320 201 60 76 0 356 283 76 36 0 231 164 82 43 0 266 216 83 39 0 289 290 71 88 0 226 339 37 112 0 275 341 72 49 0 154 304 68 41 0 134 338 78 46 0 52 227 41 117 0 51 365 41 92
72.bmp 0 290 57 34 113 0 317 196 58 81 0 351 281 78 37 0 228 161 84 45 0 262 213 82 39 0 286 287 72 90 0 272 338 75 46 0 222 336 38 111 0 150 300 70 38 0 131 335 79 47 0 50 223 41 119 0 48 366 40 98
73.bmp 0 285 53 37 107 0 315 193 59 72 0 351 277 74 36 0 226 158 84 46 0 260 210 82 36 0 284 285 69 90 0 272 336 72 46 0 221 334 38 112 0 147 299 70 41 0 47 223 39 116 0 45 364 41 99 0 129 333 81 46
74.bmp 0 284 52 35 103 0 311 191 60 72 0 349 276 75 38 0 223 155 84 47 0 258 207 84 37 0 282 283 70 92 0 269 333 75 51 0 219 332 36 110 0 147 295 68 38 0 127 330 81 49 0 44 219 40 119 0 44 363 40 101
75.bmp 0 283 51 33 100 0 310 189 59 73 0 348 274 76 37 0 221 155 84 43 0 258 207 83 39 0 281 282 72 89 0 218 331 38 113 0 268 332 72 44 0 145 295 69 38 0 127 331 80 50 0 45 219 40 113 0 43 362 41 104
76.bmp 0 282 51 34 101 0 311 189 60 76 0 347 275 79 36 0 222 154 83 44 0 257 208 84 39 0 283 282 68 93 0 220 330 36 108 0 270 331 74 48 0 146 297 68 40 0 127 329 78 47 0 45 219 38 118 0 43 364 41 104
77.bmp 0 282 51 35 101 0 309 189 60 73 0 221 155 83 44 0 258 206 84 38 0 347 274 75 37 0 281 281 70 91 0 268 331 74 46 0 220 330 35 113 0 145 295 69 37 0 125 329 81 49 0 45 220 39 116 0 43 362 38 100
78.bmp 0 281 53 34 101 0 311 189 60 72 0 347 275 78 36 0 222 155 85 49 0 257 207 84 36 0 280 282 71 96 0 218 331 38 118 0 270 333 74 50 0 145 295 70 35 0 126 331 79 49 0 45 221 40 118 0 43 362 42 98
79.bmp 0 281 49 36 99 0 285 116 78 67 0 311 193 50 84 0 293 268 52 118 0 358 297 57 89 0 210 237 60 93 0 224 168 55 98 0 267 331 73 43 0 116 151 45 119 0 120 253 74 31 0 174 293 77 52 0 66 321 34 113
8.bmp 0 193 203 54 233 0 177 308 94 206
80.bmp 0 242 61 42 98 0 286 198 48 101 0 373 213 34 106 0 357 302 66 70 0 275 272 76 41 0 284 312 94 34 0 267 340 79 26 0 205 169 58 72 0 199 226 84 41 0 132 143 78 77 0 107 270 67 75 0 53 310 82 52
81.bmp 0 245 60 36 109 0 196 86 76 70 0 160 168 81 51 0 197 181 75 67 0 221 253 29 99 0 106 229 75 61 0 125 269 67 76 0 251 293 65 61 0 374 218 33 115 0 357 295 79 48 0 281 307 86 48 0 229 363 69 73
82.bmp 0 350 225 37 116 0 230 78 87 60 0 244 118 81 53 0 150 165 46 102 0 106 229 76 59 0 125 268 68 75 0 214 236 71 35 0 283 251 36 107 0 322 238 29 130 0 291 302 57 74 0 228 366 71 71 0 359 297 76 51
83.bmp 0 111 136 58 102 0 160 147 29 119 0 197 172 43 112 0 275 150 34 112 0 328 212 47 123 0 296 235 72 58 0 314 294 64 75 0 236 295 62 77 0 164 287 47 102 0 116 281 65 82 0 203 342 26 104 0 169 382 79 49
84.bmp 0 270 29 64 56 0 338 51 52 83 0 311 164 43 123 0 289 185 47 104 0 342 281 28 99 0 324 322 52 89 0 291 251 76 44 0 252 190 65 75 0 230 104 31 102 0 166 137 32 118 0 210 256 65 75 0 132 121 39 110 0 78 108 83 66 0 86 227 56 92 0 135 255 51 99 0 179 305 26 102 0 125 336 79 56
85.bmp 0 351 78 55 84 0 266 20 70 45 0 246 113 33 115 0 306 169 43 124 0 281 187 39 104 0 245 191 61 78 0 161 137 30 118 0 127 120 41 110 0 73 108 84 64 0 90 241 51 89 0 130 254 48 95 0 174 308 31 98 0 119 336 77 61 0 204 259 63 75 0 284 255 78 46 0 336 287 27 95 0 318 324 50 87
86.bmp 0 296 29 65 58 0 366 98 72 38 0 312 178 44 118 0 346 302 29 98 0 325 338 47 94 0 294 270 74 41 0 291 201 41 105 0 257 116 28 111 0 254 204 59 84 0 210 270 67 72 0 180 317 27 99 0 166 144 28 119 0 134 134 56 96 0 83 121 82 71 0 85 239 38 113 0 141 269 49 101 0 122 344 74 61
87.bmp 0 292 28 74 61 0 366 105 76 45 0 311 179 43 121 0 346 304 29 94 0 294 271 76 47 0 324 342 42 96 0 287 206 51 99 0 252 206 60 77 0 229 98 34 104 0 86 135 81 73 0 135 146 60 84 0 173 152 24 121 0 140 275 47 104 0 179 321 27 98 0 210 274 65 73 0 91 248 34 113 0 119 345 70 70
88.bmp 0 283 34 74 62 0 357 118 65 62 0 294 183 43 123 0 333 311 32 94 0 306 347 45 94 0 284 280 72 49 0 269 210 43 106 0 237 212 57 85 0 237 104 29 113 0 151 148 52 105 0 75 139 86 65 0 119 148 52 101 0 121 272 45 101 0 193 276 66 72 0 162 325 28 98 0 60 250 78 53 0 93 344 69 72
89.bmp 0 356 112 24 113 0 288 30 67 64 0 233 109 64 72 0 298 180 41 123 0 343 310 39 82 0 294 281 74 44 0 310 347 45 94 0 269 202 41 112 0 238 209 45 99 0 178 177 36 117 0 195 276 64 71 0 166 324 26 98 0 122 266 42 111 0 117 135 68 79 0 76 142 83 59 0 60 244 78 48 0 95 341 72 62
9.bmp 0 218 180 81 263 0 316 392 57 43
90.bmp 0 311 118 24 118 0 300 244 55 87 0 334 321 68 41 0 283 372 72 52 0 256 275 50 98 0 262 129 80 53 0 243 70 81 48 0 50 74 78 66 0 88 137 56 88 0 134 146 71 59 0 204 176 55 95 0 201 244 34 129 0 127 192 64 46 0 132 269 46 101 0 155 281 57 87 0 56 307 35 104 0 153 345 78 42
91.bmp 0 57 56 52 105 0 95 139 48 99 0 143 139 71 60 0 257 70 84 42 0 331 123 26 114 0 275 127 81 48 0 209 171 74 56 0 216 238 36 127 0 265 266 33 112 0 308 246 55 90 0 330 318 69 36 0 286 373 72 47 0 170 268 45 99 0 137 189 66 52 0 141 269 42 101 0 77 321 71 67 0 149 335 72 35
92.bmp 0 343 126 42 101 0 265 70 82 39 0 275 128 83 47 0 316 252 50 87 0 329 324 68 38 0 290 376 78 36 0 272 267 42 104 0 215 172 76 57 0 223 238 35 123 0 154 139 72 60 0 62 53 48 108 0 108 135 37 111 0 149 197 69 41 0 60 293 55 87 0 138 330 77 38 0 140 264 53 96 0 171 262 56 92
93.bmp 0 331 127 28 115 0 307 243 52 89 0 319 315 70 39 0 278 366 81 35 0 257 62 84 42 0 263 119 86 44 0 209 161 74 60 0 51 48 45 91 0 92 110 69 66 0 147 135 76 62 0 141 187 69 46 0 52 282 65 69 0 121 315 79 35 0 133 251 56 89 0 166 258 58 90 0 214 226 35 128 0 244 244 35 106
94.bmp 0 252 65 85 43 0 330 128 54 92 0 307 252 52 89 0 318 326 71 40 0 292 379 79 40 0 50 50 42 103 0 91 134 36 104 0 47 301 26 116 0 110 317 77 33 0 155 144 78 55 0 215 176 79 59 0 264 133 87 38 0 256 248 42 108 0 214 238 32 129 0 138 195 70 41 0 136 257 60 87 0 162 269 57 90
95.bmp 0 70 57 39 115 0 113 139 32 113 0 174 161 78 55 0 270 83 87 41 0 347 148 48 102 0 275 153 87 37 0 235 191 78 53 0 158 214 64 44 0 69 311 78 41 0 122 333 77 35 0 142 270 58 84 0 180 287 38 104 0 235 255 32 128 0 273 260 37 108 0 326 270 52 89 0 336 345 66 51 0 324 398 72 31
96.bmp 0 56 61 39 120 0 94 144 31 113 0 145 195 45 100 0 159 284 37 113 0 64 321 76 55 0 116 334 79 38 0 229 76 46 79 0 277 66 83 35 0 276 134 39 109 0 245 144 57 89 0 210 199 59 108 0 240 233 78 59 0 234 273 69 71 0 268 292 71 60 0 271 373 60 62 0 327 394 76 40 0 324 121 52 92
97.bmp 0 49 81 35 119 0 82 166 29 104 0 57 339 66 78 0 104 347 75 42 0 160 293 36 102 0 148 214 21 111 0 170 169 76 88 0 186 62 72 39 0 198 92 78 43 0 258 27 86 38 0 289 121 54 92 0 350 144 52 85 0 348 291 24 107 0 239 163 61 96 0 258 256 80 53 0 275 300 68 58 0 277 355 39 84
98.bmp 0 266 36 82 42 0 296 132 54 98 0 345 153 59 96 0 345 300 24 113 0 52 74 38 127 0 89 160 36 116 0 165 169 69 100 0 187 63 72 38 0 202 95 81 36 0 237 170 78 55 0 252 259 78 50 0 266 310 61 71 0 260 362 34 87 0 129 213 23 112 0 152 300 32 110 0 49 328 65 70 0 92 338 76 40
99.bmp 0 78 73 88 49 0 290 30 83 60 0 212 54 74 35 0 225 84 76 37 0 304 118 48 101 0 346 143 39 110 0 197 162 64 116 0 252 158 82 47 0 367 292 25 113 0 267 248 79 50 0 279 300 75 43 0 277 363 30 97 0 156 278 44 102 0 90 140 76 58 0 151 202 41 103 0 73 316 69 66 0 101 337 69 47
